api_key="<YOUR PIRATE WEATHER API KEY>"
lat = 40.04324001665023
lon = -44.37576003247402
